Fecha,Plataforma,Provincia,Localidad,Oferta_Empleo,Salario,Modalidad,Tipo_Contrato,Tipo_Jornada,Experiencia,Empresa,Requisitos
2026-08-24,Trabajoscom,Murcia,Murcia,Mozo/a de fábrica (4 turno),Sin Data,Sin Data,Indefinido,Jornada Completa,Sin Data,Iman Temporing,Sin Data
2026-08-24,Trabajoscom,Barcelona,Vilafranca Del Penedes,"Limpiador/a (L-S, 9:30-12:30).   Vilafranca del Penedès",Sin Data,Sin Data,De duracion determinada,Media Jornada,Sin Data,Limpiezas Deyse,Sin Data
2026-08-24,Trabajoscom, Ceuta, Ceuta,Reponedor/a  Carrefour Ceuta sábados y festivos apertura. -2h/sem.  -Indefinido,71 € - 72 €,Sin Data,Indefinido,Media Jornada,Sin Data,Caher Servicios al Marketing,Sin Data
2026-08-24,Trabajoscom,Navarra,Elizondo,"Reponedor/a en ruta de Supermercados en Elizondo y Santesteban. -12,5h/sem. -Indefinido",445 € - 446 €,Sin Data,Indefinido,Media Jornada,Sin Data,Caher Servicios al Marketing,Sin Data
2026-08-24,Trabajoscom, Lugo, Lugo,Reponedor/a en ruta de Supermercados en Guitiriz.  -7h/sem. -Indefinido,249 € - 250 €,Sin Data,Indefinido,Media Jornada,Sin Data,Caher Servicios al Marketing,Sin Data
2026-08-24,Trabajoscom,Valencia,Torrent,ELECTROMECANICO O TECNICO EN MANTENIMIENTO MAQUINARIA,1.400 € - 1.600 €,Sin Data,Indefinido,Jornada Completa,Sin Data,Marzo Automocion,Sin Data
2026-08-24,Trabajoscom,Zaragoza,Pedrola,Operario/a para Pedrola con coche,Sin Data,Sin Data,De duracion determinada,Jornada Completa,Sin Data,Grupo Adecco,Sin Data
2026-08-24,Trabajoscom,Barcelona,Barcelona,DIPLOMADO ENFERMERIA DEL TRABAJO,Sin Data,Sin Data,Indefinido,Jornada Completa,Sin Data,Vimelab,Sin Data
2026-08-24,Trabajoscom,Granada,Granada,Dermoconsejero/a itinerante Farmacia. Zona Granada,Sin Data,Sin Data,Indefinido,Jornada Completa,Sin Data,Grupo Adecco,Sin Data
2026-08-24,Trabajoscom,Barcelona,L'hospitalet De Llobregat,Técnico/a de selección Workday,Sin Data,Sin Data,De duracion determinada,Jornada Completa,Sin Data,Grupo Adecco,Sin Data
2026-08-24,Trabajoscom,Málaga,Marbella,Técnico/a de Mantenimiento en Marbella - Contrato Indefinido y Jornada Completa,Sin Data,Sin Data,Indefinido,Jornada Completa,Sin Data,Ocean Facility Services,Sin Data
2026-08-24,Trabajoscom,Madrid,Madrid,????‍???? Técnico Polivalente de Mantenimiento – Turnos Rotativos,Sin Data,Sin Data,Indefinido,Jornada Completa,Sin Data,Ocean Facility Services,Sin Data
2026-08-24,Trabajoscom,Madrid,Todo Madrid,❄️ Oficial de 1ª Frigorista en Madrid - Contrato Indefinido y Jornada Completa,Sin Data,Sin Data,Indefinido,Jornada Completa,Sin Data,Ocean Facility Services,Sin Data
2026-08-24,Trabajoscom,Madrid,Madrid,MONITOR/A ACTIVIDADES EXTRAESCOLARES CURSO 2026-27.  ZONA COMUNIDAD DE MADRID,10 € - 12 €,Sin Data,Fijo discontinuo,Trabajo Por Horas,Sin Data,Grupo Educativo,Sin Data
2026-08-24,Trabajoscom,Madrid,Madrid,MONITORES/AS TARDES DEL COLE SEPTIEMBRE 2026.  ZONA MADRID CAPITAL Y ALREDEDORES,195 € - 390 €,Sin Data,Fijo discontinuo,Trabajo Por Horas,Sin Data,Grupo Educativo,Sin Data
2026-08-24,Trabajoscom,La Rioja,Alfaro,REPARTIDOR/A DISPONIBILIDAD INMEDIATA,Sin Data,Sin Data,De duracion determinada,Jornada Completa,Sin Data,Temps,Sin Data
2026-08-24,Trabajoscom,Navarra,Tudela,CAMIONERO/A DISPONIBILIDAD INMEDIATA,Sin Data,Sin Data,De duracion determinada,Jornada Completa,Sin Data,Temps,Sin Data
2026-08-24,Trabajoscom,Barcelona,Sant Pere Sallavinera,REBOBINADOR/A,Sin Data,Sin Data,Indefinido,Media Jornada,Sin Data,Grupo Adecco,Sin Data
2026-08-24,Trabajoscom,Barcelona,Montmeló,Customer service con Portugués,Sin Data,Sin Data,Indefinido,Jornada Completa,Sin Data,Grupo Adecco,Sin Data
2026-08-24,Trabajoscom,Valencia,Todo Valencia,Oficial de mantenimiento,Sin Data,Sin Data,Autonomo,Jornada Indiferente,Sin Data,Consultora de Talento,Sin Data
2026-08-24,Trabajoscom,Madrid,Todo Madrid,Oficial de mantenimiento,Sin Data,Sin Data,Autonomo,Jornada Indiferente,Sin Data,Consultora de Talento,Sin Data
2026-08-24,Trabajoscom,Sevilla,Todo Sevilla,Buscamos Pescadero con experiencia,Sin Data,Sin Data,Indefinido,Jornada Completa,Sin Data,Pescadería Gastronómica Sofi,Sin Data
2026-08-24,Trabajoscom,León,Todo León,Rotulista,1.200 € - 1.500 €,Sin Data,Indefinido,Jornada Completa,Sin Data,Vinilica Producciones,Sin Data
2026-08-24,Trabajoscom,Gipuzkoa,Todo Gipuzkoa,Técnico/a de producto // Encargado/a general,Sin Data,Sin Data,Indefinido,Jornada Indiferente,Sin Data,AdegiLan,Sin Data
2026-08-24,Trabajoscom,Gipuzkoa,Todo Gipuzkoa,INGENIERO/A MANTENIMIENTO MECANICO,Sin Data,Sin Data,Indefinido,Jornada Completa,Sin Data,AdegiLan,Sin Data
2026-08-24,Trabajoscom,Gipuzkoa,Todo Gipuzkoa,"INGENIERO/A, INGENIERO/A QUIMICO/A  PARA PRODUCCION",Sin Data,Sin Data,De duracion determinada,Jornada Indiferente,Sin Data,AdegiLan,Sin Data
2026-08-24,Trabajoscom,Gipuzkoa,Todo Gipuzkoa,"Director/a de Tecnología, Producto y Soluciones Industriales",72.000 € - 90.000 €,Sin Data,Indefinido,Jornada Indiferente,Sin Data,AdegiLan,Sin Data
2026-08-24,Trabajoscom,Barcelona,Mollet Del Vallès,REPARTIDOR/A PAQUETERIA LIGERA (ZONA- MOLLET DEL VALLÈS),Sin Data,Sin Data,De duracion determinada,Jornada Completa,Sin Data,Temps,Sin Data
2026-08-24,Trabajoscom,Madrid,Torrejón De Ardoz,Operario/a producción INCORPORACION INMEDIATA,12 € - 16 €,Sin Data,De duracion determinada,Jornada Completa,Sin Data,Temps,Sin Data
2026-08-24,Trabajoscom,Madrid,San Fernando De Henares,ADMINISTRATIVO/A RECOBROS - DEPARTAMENTO DE CREDITO,21.000 €,Sin Data,De duracion determinada,Jornada Completa,Sin Data,Temps,Sin Data
2026-08-24,Trabajoscom,León,Villamañán,"Mecánico/a de Maquinaria Industrial (Villamañán, León)",Sin Data,Sin Data,Indefinido,Media Jornada,Sin Data,Grupo Adecco,Sin Data
2026-08-24,Trabajoscom,Madrid,Aranjuez,MOZOS/AS DE ALMACÉN - ARANJUEZ,17.000 €,Sin Data,De duracion determinada,Jornada Completa,Sin Data,Grupo Noa's,Sin Data
2026-08-24,Trabajoscom,Barcelona,Sabadell,Técnico/a de selección junior (Sabadell),Sin Data,Sin Data,Indefinido,Jornada Completa,Sin Data,Temps,Sin Data
2026-08-24,Trabajoscom,Alicante,Ondara,"Camarero/a y Cocinero/a Jornada parcial- Foster´s Hollywood Ondara, Alicante [AGFHW]",1 €,Sin Data,Indefinido,Jornada Indiferente,Sin Data,Foster's Hollywood,Sin Data
2026-08-24,Trabajoscom,Madrid,Las Rozas De Madrid,"Camarero/a  Jornada parcial- Foster´s Hollywood Las Rozas, Madrid [AGFHW]",1 €,Sin Data,Indefinido,Jornada Indiferente,Sin Data,Foster's Hollywood,Sin Data
2026-08-24,Trabajoscom,Madrid,El Molar,Mecánico en general,1.600 € - 1.800 €,Sin Data,Indefinido,Jornada Completa,Sin Data,Gruas Dimi,Sin Data
2026-08-24,Trabajoscom, Girona, Girona,Chofer/a Carnet C + CAP,Sin Data,Sin Data,Indefinido,Jornada Completa,Sin Data,Pacto,Sin Data
2026-08-24,Trabajoscom, Toledo, Toledo,Carretillero/a Retráctil - Noblejas,20.000 € - 30.000 €,Sin Data,De duracion determinada,Jornada Completa,Sin Data,Crit Interim España ETT,Sin Data
2026-08-24,Trabajoscom, Tarragona, Tarragona,Operario/a con experiencia en sector farmacéutico,Sin Data,Sin Data,Indefinido,Jornada Completa,Sin Data,Iman Temporing,Sin Data
2026-08-24,Trabajoscom, Barcelona, Barcelona,Carretillero/a puente grua Empresa metal,Sin Data,Sin Data,Indefinido,Jornada Completa,Sin Data,Crit Interim España ETT,Sin Data
2026-08-24,Trabajoscom, Barcelona, Barcelona,Especialista de Almacén,Sin Data,Sin Data,Indefinido,Jornada Completa,Sin Data,Crit Interim España ETT,Sin Data
2026-08-24,Trabajoscom, Jaén, Jaén,Soldador/a MIG/MAG,Sin Data,Sin Data,De duracion determinada,Jornada Completa,Sin Data,Crit Interim España ETT,Sin Data
2026-08-24,Trabajoscom, Madrid, Madrid,Gestor/a de Cobros,Sin Data,Sin Data,De duracion determinada,Jornada Completa,Sin Data,Crit Interim España ETT,Sin Data
2026-08-24,Trabajoscom, Toledo, Toledo,Carretillero/a retráctil (Talavera de la Reina),24.000 € - 25.000 €,Sin Data,De duracion determinada,Jornada Completa,Sin Data,Crit Interim España ETT,Sin Data
2026-08-24,Trabajoscom, Barcelona, Barcelona,ADMINISTRATIVO/A DE RECURSOS HUMANOS,Sin Data,Sin Data,Indefinido,Jornada Completa,Sin Data,Iman Temporing,Sin Data
2026-08-24,Trabajoscom, Madrid, Madrid,Montador/a de Andamios-Coslada(Madrid),Sin Data,Sin Data,Indefinido,Jornada Completa,Sin Data,Crit Interim España ETT,Sin Data
2026-08-24,Trabajoscom, Barcelona, Barcelona,Operario/a tratamiento térmico con hornos transfer,Sin Data,Sin Data,Indefinido,Jornada Completa,Sin Data,Iman Temporing,Sin Data
2026-08-24,Trabajoscom, Tarragona, Tarragona,Operario/a de plástico,Sin Data,Sin Data,De duracion determinada,Jornada Completa,Sin Data,Iman Temporing,Sin Data
2026-08-24,Trabajoscom, Madrid, Madrid,Operario/a producción-Turno fijo mañana,Sin Data,Sin Data,De duracion determinada,Jornada Completa,Sin Data,Crit Interim España ETT,Sin Data
2026-08-24,Trabajoscom, Sevilla, Sevilla,Mozos/as (Días Sueltos),Sin Data,Sin Data,De duracion determinada,Jornada Completa,Sin Data,Iman Temporing,Sin Data
2026-08-24,Trabajoscom, Madrid, Madrid,Mozo/a carretillero con Retractil,Sin Data,Sin Data,De duracion determinada,Jornada Completa,Sin Data,Crit Interim España ETT,Sin Data
2026-08-24,Trabajoscom, Araba, Araba,OPERARIO/A PRODUCCIÓN CON CARRETILLA Y GRÚA PUENTE,Sin Data,Sin Data,De duracion determinada,Jornada Completa,Sin Data,Iman Temporing,Sin Data
2026-08-24,Trabajoscom, Girona, Girona,Tornero/a CNC con Incorporación Inmediata,Sin Data,Sin Data,Indefinido,Jornada Completa,Sin Data,Pacto,Sin Data
2026-08-24,Trabajoscom, Araba, Araba,Encargado/a de obra civil,36.000 € - 40.000 €,Sin Data,Indefinido,Jornada Completa,Sin Data,Crit Interim España ETT,Sin Data
2026-08-24,Trabajoscom, Barcelona, Barcelona,Jefe/a de Tráfico Sector Logístico | Cornellà,Sin Data,Sin Data,De duracion determinada,Jornada Completa,Sin Data,Crit Interim España ETT,Sin Data
2026-08-24,Trabajoscom, Barcelona, Barcelona,Operari/a Cardona puntual dissabte 12 hores,19.719 € - 21.000 €,Sin Data,De duracion determinada,Jornada Completa,Sin Data,Iman Temporing,Sin Data
2026-08-24,Trabajoscom, Ávila, Ávila,Jefe/a de Obra (rehabilitación edif.) Ávila/Toledo,Sin Data,Sin Data,Indefinido,Jornada Completa,Sin Data,Iman Global Consulting,Sin Data
2026-08-24,Trabajoscom, Toledo, Toledo,Jefe/a de Obra (rehabilitación edif.) Ávila/Toledo,Sin Data,Sin Data,Indefinido,Jornada Completa,Sin Data,Iman Global Consulting,Sin Data
2026-08-24,Trabajoscom, Toledo, Toledo,Jefe/a de Obra (rehabilitación edif.) Ávila/Toledo,Sin Data,Sin Data,Indefinido,Jornada Completa,Sin Data,Iman Global Consulting,Sin Data
2026-08-24,Trabajoscom, Lleida, Lleida,OPERARIO/A DE TALLER CON CERTIF. DE DISCAPACIDAD,Sin Data,Sin Data,Indefinido,Jornada Completa,Sin Data,Iman Temporing,Sin Data
2026-08-24,Trabajoscom, Lleida, Lleida,ELECTROMECÁNICO/A,Sin Data,Sin Data,Indefinido,Jornada Completa,Sin Data,Iman Temporing,Sin Data
2026-08-24,Trabajoscom, Barcelona, Barcelona,Promotor/a Comercial,Sin Data,Sin Data,De duracion determinada,Jornada Completa,Sin Data,Iman Temporing,Sin Data
2026-08-24,Trabajoscom, Barcelona, Barcelona,Manipulador/a en Palleja,Sin Data,Sin Data,De duracion determinada,Jornada Completa,Sin Data,Crit Interim España ETT,Sin Data
2026-08-24,Trabajoscom, Valladolid, Valladolid,Mecanico/a Automoviles,Sin Data,Sin Data,De duracion determinada,Jornada Completa,Sin Data,Iman Temporing,Sin Data
2026-08-24,Trabajoscom, Barcelona, Barcelona,URGENTE! Manipulador/a Turno Noche,Sin Data,Sin Data,De duracion determinada,Jornada Completa,Sin Data,Iman Temporing,Sin Data
2026-08-24,Trabajoscom, Murcia, Murcia,Técnico/a de Mantenimiento Eléctrico,Sin Data,Sin Data,Indefinido,Jornada Completa,Sin Data,Crit Interim España ETT,Sin Data
2026-08-24,Trabajoscom, Valladolid, Valladolid,Técnico de Mant. Industrial en Medina del Campo,29 €,Sin Data,Indefinido,Jornada Completa,Sin Data,Iman Global Consulting,Sin Data
2026-08-24,Trabajoscom, Valladolid, Valladolid,Técnico de Mant. Industrial en Medina del Campo,29 €,Sin Data,Indefinido,Jornada Completa,Sin Data,Iman Global Consulting,Sin Data
2026-08-24,Trabajoscom, Barcelona, Barcelona,Administrativo/a Customer Service (Perfil Analítico),Sin Data,Sin Data,Indefinido,Jornada Completa,Sin Data,Iman Temporing,Sin Data
2026-08-24,Trabajoscom, Barcelona, Barcelona,DEPENDIENTE/A DE TIENDA GOURMET,Sin Data,Sin Data,De duracion determinada,Jornada Completa,Sin Data,Iman Temporing,Sin Data
2026-08-24,Trabajoscom, Murcia, Murcia,Auxiliar Administrativo/a,Sin Data,Sin Data,De duracion determinada,Jornada Completa,Sin Data,Crit Interim España ETT,Sin Data
2026-08-24,Trabajoscom, Tarragona, Tarragona,Operario/a polivalente para lavandería,Sin Data,Sin Data,De duracion determinada,Jornada Completa,Sin Data,Iman Temporing,Sin Data
2026-08-24,Trabajoscom, Valladolid, Valladolid,Electromecánico/a,Sin Data,Sin Data,Indefinido,Jornada Completa,Sin Data,Iman Temporing,Sin Data
2026-08-24,Trabajoscom, Guadalajara, Guadalajara,Analista de Control de Calidad - Microbiología,Sin Data,Sin Data,Indefinido,Jornada Completa,Sin Data,Crit Interim España ETT,Sin Data
2026-08-24,Trabajoscom, Palencia, Palencia,Técnico/a Recaudador/a de máquinas recreativas - Palencia,Sin Data,Sin Data,De duracion determinada,Jornada Completa,Sin Data,Iman Temporing,Sin Data
2026-08-24,Trabajoscom, Madrid, Madrid,Administrativo/a de reciclaje-Torrejón de Velasco,Sin Data,Sin Data,De duracion determinada,Jornada Completa,Sin Data,Iman Temporing,Sin Data
2026-08-24,Trabajoscom, Valladolid, Valladolid,Operario/a de sector automoción,Sin Data,Sin Data,De duracion determinada,Jornada Completa,Sin Data,Iman Temporing,Sin Data
2026-08-24,Trabajoscom, Alicante, Alicante,Mecánico de bicicletas,Sin Data,Sin Data,De duracion determinada,Jornada Completa,Sin Data,Iman Temporing,Sin Data
2026-08-24,Trabajoscom, Gipuzkoa, Gipuzkoa,Operario de Moldeo con Prensa,Sin Data,Sin Data,De duracion determinada,Jornada Completa,Sin Data,Iman Temporing,Sin Data
2026-08-24,Trabajoscom, La Rioja, La Rioja,CARRETILLERO/A FRONTAL Y RETRÁCTIL,Sin Data,Sin Data,De duracion determinada,Jornada Completa,Sin Data,Iman Temporing,Sin Data
2026-08-24,Trabajoscom, Barcelona, Barcelona,MECÁNICO/A HIDRÁULICO- ELETROMECÁNICO/A,Sin Data,Sin Data,De duracion determinada,Jornada Completa,Sin Data,Iman Temporing,Sin Data
2026-08-24,Trabajoscom, Valencia, Valencia,Gerocultor/a - Auxiliar de enfermería Centro Residencial DomusVi Monte Arse,Sin Data,Sin Data,De duracion determinada,Jornada Completa,Sin Data,DomusVi,Sin Data
2026-08-24,Trabajoscom, Alicante, Alicante,CONTROL DE ACCESOS. DOLORES. ALICANTE,Sin Data,Sin Data,Indefinido,Media Jornada,Sin Data,Iman Corporation,Sin Data
2026-08-24,Trabajoscom, Sevilla, Sevilla,Mozo/a Plataforma Logística,Sin Data,Sin Data,De duracion determinada,Jornada Completa,Sin Data,Iman Temporing,Sin Data
2026-08-24,Trabajoscom, Ciudad Real, Ciudad Real,Carretillero/a,Sin Data,Sin Data,De duracion determinada,Jornada Completa,Sin Data,Iman Temporing,Sin Data
2026-08-24,Trabajoscom, Barcelona, Barcelona,Control de accesos nocturno - Piera,Sin Data,Sin Data,Indefinido,Jornada Completa,Sin Data,Iman Corporation,Sin Data
2026-08-24,Trabajoscom, Valencia, Valencia,Administrativo/a Contable y Calidad - Zona Serra,Sin Data,Sin Data,Indefinido,Jornada Completa,Sin Data,Pacto,Sin Data
2026-08-24,Trabajoscom, Barcelona, Barcelona,Asesor/a de Servicio Toyota,Sin Data,Sin Data,Indefinido,Jornada Completa,Sin Data,Iman Global Consulting,Sin Data
2026-08-24,Trabajoscom, Zaragoza, Zaragoza,Operario/a de producción - envasado,Sin Data,Sin Data,De duracion determinada,Jornada Completa,Sin Data,Iman Temporing,Sin Data
2026-08-24,Trabajoscom, Zamora, Zamora,Fisioterapeuta Centro Residencial DomusVi Villaralbo,Sin Data,Sin Data,Indefinido,Jornada Completa,Sin Data,DomusVi,Sin Data
2026-08-24,Trabajoscom, Madrid, Madrid,Fisioterapeuta Centro Residencial DomusVi Leganés,Sin Data,Sin Data,Indefinido,Jornada Indiferente,Sin Data,DomusVi,Sin Data
2026-08-24,Trabajoscom, Barcelona, Barcelona,Operario/a metal planta de reciclaje,Sin Data,Sin Data,Indefinido,Jornada Completa,Sin Data,Iman Temporing,Sin Data
2026-08-24,Trabajoscom, Barcelona, Barcelona,Carretillero/a,Sin Data,Sin Data,Indefinido,Jornada Completa,Sin Data,Iman Temporing,Sin Data
2026-08-24,Trabajoscom, Barcelona, Barcelona,Vigilantes seguridad nocturno - Plus 330€ mensual,Sin Data,Sin Data,Indefinido,Jornada Completa,Sin Data,Iman Seguridad,Sin Data
2026-08-24,Trabajoscom, Barcelona, Barcelona,Carretillero/a retráctil ¡URGENTE!,24.000 € - 25.000 €,Sin Data,De duracion determinada,Jornada Completa,Sin Data,Iman Temporing,Sin Data
2026-08-24,Trabajoscom, Barcelona, Barcelona,Operario/a Montaje de stands para ferias y eventos,Sin Data,Sin Data,De duracion determinada,Jornada Completa,Sin Data,Iman Temporing,Sin Data
2026-08-24,Trabajoscom, Valencia, Valencia,Mozo/a Inventario - Desguace vehículos-,Sin Data,Sin Data,Autonomo,Jornada Completa,Sin Data,Iman Temporing,Sin Data
2026-08-24,Trabajoscom, Badajoz, Badajoz,REPARTIDORES/AS PAQUETERÍA,Sin Data,Sin Data,De duracion determinada,Jornada Completa,Sin Data,Iman Temporing,Sin Data
2026-08-24,Trabajoscom, Barcelona, Barcelona,Auxiliar administrativo/a logística,Sin Data,Sin Data,Indefinido,Jornada Completa,Sin Data,Iman Temporing,Sin Data
2026-08-24,Trabajoscom, Barcelona, Barcelona,Auxiliar administrativo/a en RRHH,Sin Data,Sin Data,De duracion determinada,Jornada Completa,Sin Data,Iman Temporing,Sin Data
2026-08-24,Trabajoscom, Barcelona, Barcelona,Control de accesos (DISCAPACIDAD +33% o IPT) IGUALADA,Sin Data,Sin Data,Indefinido,Jornada Indiferente,Sin Data,Diswork,Sin Data
2026-08-24,Trabajoscom, Valencia, Valencia,Técnico/a Electromecánico,Sin Data,Sin Data,Indefinido,Jornada Completa,Sin Data,Iman Global Consulting,Sin Data
2026-08-24,Trabajoscom, Valladolid, Valladolid,Técnico/a Recadudador/a temporal - Valladolid,Sin Data,Sin Data,De duracion determinada,Jornada Completa,Sin Data,Iman Global Consulting,Sin Data
2026-08-24,Trabajoscom, Barcelona, Barcelona,Aux Control de Accesos/Servicios/Recepción,Sin Data,Sin Data,Indefinido,Jornada Completa,Sin Data,Iman Corporation,Sin Data
2026-08-24,Trabajoscom, Madrid, Madrid,Montador/a Metal Sector Automoción,Sin Data,Sin Data,De duracion determinada,Jornada Completa,Sin Data,Iman Temporing,Sin Data
2026-08-24,Trabajoscom, Cádiz, Cádiz,Enfermero/a - DUE Centro Residencial DomusVi Montealto,Sin Data,Sin Data,Indefinido,Media Jornada,Sin Data,DomusVi,Sin Data
2026-08-24,Trabajoscom, Navarra, Navarra,Vigilante de Seguridad Retail Alsasua (Navarra) Plus +500€/mes,Sin Data,Sin Data,Indefinido,Jornada Completa,Sin Data,Iman Seguridad,Sin Data
2026-08-24,Trabajoscom, Barcelona, Barcelona,Extrusor/a,Sin Data,Sin Data,Indefinido,Jornada Completa,Sin Data,Iman,Sin Data
2026-08-24,Trabajoscom, Barcelona, Barcelona,Gerocultor/a - Auxiliar de enfermería Centro Residencial DomusVi Claret,Sin Data,Sin Data,Indefinido,Jornada Indiferente,Sin Data,DomusVi,Sin Data
2026-08-24,Trabajoscom, Gipuzkoa, Gipuzkoa,Almacenero-a de paquetería/ Horario de madrugada,Sin Data,Sin Data,A tiempo parcial,Jornada Indiferente,Sin Data,Iman Temporing,Sin Data
2026-08-24,Trabajoscom, Barcelona, Barcelona,Carretilleros/as alto tonelaje 8.000kg+puente grúa,28.887 €,Sin Data,Indefinido,Jornada Completa,Sin Data,Iman Temporing,Sin Data
2026-08-24,Trabajoscom, Barcelona, Barcelona,Vigilantes seguridad Mataró+ Plus  215 € mensuales,Sin Data,Sin Data,Indefinido,Jornada Completa,Sin Data,Iman Seguridad,Sin Data
2026-08-24,Trabajoscom, Barcelona, Barcelona,Tejedor/a,Sin Data,Sin Data,De duracion determinada,Jornada Completa,Sin Data,Iman Temporing,Sin Data
2026-08-24,Trabajoscom, Málaga, Málaga,Teleoperador/a Venta Formación,Sin Data,Sin Data,De duracion determinada,Jornada Completa,Sin Data,Iman Temporing,Sin Data
2026-08-24,Trabajoscom, Murcia, Murcia,Electromecánico/a Industrial,30.000 € - 32.000 €,Sin Data,Indefinido,Jornada Completa,Sin Data,Iman Global Consulting,Sin Data
2026-08-24,Trabajoscom, Valladolid, Valladolid,Operario/a de sector automoción,Sin Data,Sin Data,De duracion determinada,Jornada Completa,Sin Data,Iman Temporing,Sin Data
2026-08-24,Trabajoscom, Tarragona, Tarragona,Peón de fábrica,Sin Data,Sin Data,De duracion determinada,Jornada Completa,Sin Data,Iman Temporing,Sin Data
2026-08-24,Trabajoscom, Barcelona, Barcelona,Bobinador/a,Sin Data,Sin Data,Indefinido,Jornada Completa,Sin Data,Iman Temporing,Sin Data
2026-08-24,Trabajoscom, Granada, Granada,REPARTIDOR/A DE PAQUETERÍA,Sin Data,Sin Data,De duracion determinada,Jornada Completa,Sin Data,Iman Temporing,Sin Data
2026-08-24,Trabajoscom, Madrid, Madrid,Oficial de 3ª Mantenimiento Edificio Sustitución,Sin Data,Sin Data,De duracion determinada,Jornada Completa,Sin Data,Iman Temporing,Sin Data
2026-08-24,Trabajoscom, Alicante, Alicante,"PERSONAL DE LIMPIEZA EN ASESORÍA - IBI, ALICANTE",Sin Data,Sin Data,Indefinido,Media Jornada,Sin Data,Iman Cleaning,Sin Data
2026-08-24,Trabajoscom,Sevilla,Sevilla,Jefe de obra - Carpintería de Aluminio SEVILLA,Sin Data,Sin Data,Indefinido,Jornada Completa,Sin Data,Lumon Cristales España,Sin Data
2026-08-24,Trabajoscom,Barcelona,Todo Barcelona,Jefe/a de Ventas - Techos y Pérgolas B2C BARCELONA,Sin Data,Sin Data,Indefinido,Jornada Indiferente,Sin Data,Lumon Cristales España,Sin Data
2026-08-24,Trabajoscom,Málaga,Antequera,CARNICERO/A -CHARCUTERO/A EN MARBELLA (MÁLAGA),Sin Data,Sin Data,Indefinido,Jornada Indiferente,Sin Data,Grupo DIA,Sin Data
2026-08-24,Trabajoscom,Palencia,Baltanas,Cajero/a reponedor/a Baltanas,Sin Data,Sin Data,De duracion determinada,Media Jornada,Sin Data,Iman Temporing,Sin Data
2026-08-24,Trabajoscom,Barcelona,Barcelona,Especialista cristales - brigada.   Barcelona y área metropolitana,18.000 €,Sin Data,Indefinido,Media Jornada,Sin Data,Limpiezas Deyse,Sin Data
2026-08-24,Trabajoscom,Barcelona,Mollet Del Vallès,REPARTIDOR/A EN MOLLET DEL VALLÉS (ZONA VALLÈS ORIENTAL),Sin Data,Sin Data,De duracion determinada,Jornada Completa,Sin Data,Temps,Sin Data
2026-08-24,Trabajoscom,Madrid,Todo Madrid,GPV de alimentación Supermercados en ruta en Madrid capital.  -40h/sem.,1.574 € - 1.575 €,Sin Data,Fijo discontinuo,Jornada Intensiva,Sin Data,Caher Servicios al Marketing,Sin Data
2026-08-24,Trabajoscom,Madrid,Todo Madrid,Reponedor/a de Supermercados en ruta Madrid capital.  -36h/sem.   -Indefinido,1.282 € - 1.283 €,Sin Data,Indefinido,Media Jornada,Sin Data,Caher Servicios al Marketing,Sin Data
2026-08-24,Trabajoscom,Zaragoza,Zaragoza,Operario/a de producción,Sin Data,Sin Data,De duracion determinada,Media Jornada,Sin Data,Grupo Adecco,Sin Data
2026-08-24,Trabajoscom,Madrid,Todo Madrid,ASESOR INMOBILIARIO LEGANES - ALUCHE,1.300 € - 2.600 €,Sin Data,Indefinido,Jornada Completa,Sin Data,Tecnocasa,Sin Data
2026-08-24,Trabajoscom,Barcelona,Barcelona,TECNICO SUPERIOR RIESGOS LABORALES,22.000 € - 300.000 €,Sin Data,Indefinido,Jornada Indiferente,Sin Data,Vimelab,Sin Data
2026-08-24,Trabajoscom,Barcelona,Barcelona,MEDICO DEL TRABAJO,Sin Data,Sin Data,Indefinido,Jornada Completa,Sin Data,Vimelab,Sin Data
2026-08-24,Trabajoscom,Madrid,Madrid,Profesor de Guitarra y Guitarra electrica,Sin Data,Sin Data,Relevo,Trabajo Por Horas,Sin Data,Grupo Educativo,Sin Data
2026-08-24,Trabajoscom,Madrid,Madrid,MONITORES/AS CAMPAMENTOS URBANOS AGOSTO Y SEPTIEMBRE,1.500 € - 1.600 €,Sin Data,Fijo discontinuo,Jornada Completa,Sin Data,Grupo Educativo,Sin Data
2026-08-24,Trabajoscom,Tarragona,Constantí,Fresador/a CNC - Tarragona,Sin Data,Sin Data,Indefinido,Jornada Completa,Sin Data,Grupo Adecco,Sin Data
2026-08-24,Trabajoscom,Málaga,Málaga,Dermoconsejero/a itinerante Farmacia. Zona Andalucia,Sin Data,Sin Data,Indefinido,Jornada Completa,Sin Data,Grupo Adecco,Sin Data
2026-08-24,Trabajoscom,Guadalajara,Guadalajara,MOZO/A POLIVALENTE - TURNO FIJO,1.400 € - 1.500 €,Sin Data,De duracion determinada,Jornada Completa,Sin Data,Temps,Sin Data
2026-08-24,Trabajoscom,Bizkaia,Bilbao,Instalador/a de Fotovoltaica y Aerotermia (Bilbao),Sin Data,Sin Data,Indefinido,Jornada Completa,Sin Data,Temps,Sin Data
2026-08-24,Trabajoscom,Valencia,Valencia,Prácticas RRHH,Sin Data,Sin Data,Indefinido,Jornada Indiferente,Sin Data,Temps,Sin Data
2026-08-24,Trabajoscom,Guadalajara,Guadalajara,MOZO/A DE PICKING PRODUCTO PEQUEÑO/MEDIANO DE PESO,1.400 € - 1.500 €,Sin Data,De duracion determinada,Jornada Completa,Sin Data,Temps,Sin Data
2026-08-24,Trabajoscom,Madrid,Madrid,Técnico/a de Nómina A3INNUVA,Sin Data,Sin Data,Indefinido,Jornada Completa,Sin Data,Grupo Adecco,Sin Data
2026-08-24,Trabajoscom,Madrid,Madrid,Técnico/a de Nómina (Inglés avanzado),Sin Data,Sin Data,Indefinido,Jornada Completa,Sin Data,Grupo Adecco,Sin Data
2026-08-24,Trabajoscom,Burgos,Burgos,Ingeniero/a Comercial Senior,Sin Data,Sin Data,Indefinido,Jornada Completa,Sin Data,Grupo Adecco,Sin Data
2026-08-24,Trabajoscom,Madrid,Todo Madrid,Conductor Vtc,Sin Data,Sin Data,Indefinido,Jornada Completa,Sin Data,Desarrollo Y Servicios Integrados 2008,Sin Data
2026-08-24,Trabajoscom,Tarragona,Salou,Camarero/a de Piso - Salou,Sin Data,Sin Data,De duracion determinada,Jornada Completa,Sin Data,Grupo Adecco,Sin Data
2026-08-24,Trabajoscom,Alicante,Calp,Monitor de actividades dirigidas,800 € - 1.400 €,Sin Data,Indefinido,Jornada Indiferente,Sin Data,Calpe Sport Solutions,Sin Data
2026-08-24,Trabajoscom,Gipuzkoa,Todo Gipuzkoa,Operario/a de mecanizado,Sin Data,Sin Data,De duracion determinada,Jornada Completa,Sin Data,AdegiLan,Sin Data
2026-08-24,Trabajoscom,Tarragona,L'ametlla De Mar,Team Leader Operaciones Portuarias,Sin Data,Sin Data,Indefinido,Jornada Intensiva,Sin Data,Grupo Adecco,Sin Data
2026-08-24,Trabajoscom,Gipuzkoa,Todo Gipuzkoa,Técnico-a de Atención al Alumnado,Sin Data,Sin Data,Indefinido,Jornada Completa,Sin Data,AdegiLan,Sin Data
2026-08-24,Trabajoscom,Gipuzkoa,Todo Gipuzkoa,Responsable Fabricación Proyecto/Project Manufacturing Manager,42.000 € - 54.000 €,Sin Data,Indefinido,Jornada Completa,Sin Data,AdegiLan,Sin Data
2026-08-24,Trabajoscom,Gipuzkoa,Todo Gipuzkoa,Técnico/a Mantenimiento,Sin Data,Sin Data,Indefinido,Jornada Completa,Sin Data,AdegiLan,Sin Data
2026-08-24,Trabajoscom,Gipuzkoa,Todo Gipuzkoa,Electrónico/a,Sin Data,Sin Data,Indefinido,Jornada Completa,Sin Data,AdegiLan,Sin Data
2026-08-24,Trabajoscom,Gipuzkoa,Todo Gipuzkoa,Responsable Comercial de Formación B2C,Sin Data,Sin Data,Indefinido,Jornada Completa,Sin Data,AdegiLan,Sin Data
2026-08-24,Trabajoscom,Zaragoza,La Puebla De Alfindén,Operarios/as de Planta de Residuos,1.600 € - 1.700 €,Sin Data,De duracion determinada,Jornada Completa,Sin Data,Temps,Sin Data
2026-08-24,Trabajoscom,Madrid,Madrid,TELEOPERADOR/ COMERCIAL DE SERVICIOS FINANCIEROS - CONTRATO INDEFINIDO,Sin Data,Sin Data,Indefinido,Media Jornada,Sin Data,Temps,Sin Data
2026-08-24,Trabajoscom,Madrid,Madrid,Técnica/o administración de personal,20.000 €,Sin Data,De duracion determinada,Jornada Completa,Sin Data,Temps,Sin Data
2026-08-24,Trabajoscom,Madrid,Madrid,BECARIO/A RRHH SECTOR DE ETT,Sin Data,Sin Data,Indefinido,Media Jornada,Sin Data,Temps,Sin Data
2026-08-24,Trabajoscom,Madrid,Madrid,VENDEDOR/A DISPOSITIVOS TECNOLÓGICO-DEPORTIVOS,24.000 €,Sin Data,De duracion determinada,Jornada Completa,Sin Data,Temps,Sin Data
2026-08-24,Trabajoscom,Madrid,Madrid,Recepcionista 30H,Sin Data,Sin Data,De duracion determinada,Media Jornada,Sin Data,Grupo Adecco,Sin Data
2026-08-24,Trabajoscom,Valencia,Silla,Servicio de limpieza en Silla ( Valencia),Sin Data,Sin Data,De duracion determinada,Trabajo Por Horas,Sin Data,Trigo y Martin Asociados,Sin Data
2026-08-24,Trabajoscom,Murcia,Alhama De Murcia,Conductor de Tráiler - Indefinido,2.400 € - 2.600 €,Sin Data,Indefinido,Jornada Completa,Sin Data,ELLTRUCK,Sin Data
2026-08-24,Trabajoscom, Tarragona, Tarragona,Operador/a de planta química,Sin Data,Sin Data,De duracion determinada,Jornada Completa,Sin Data,Iman Temporing,Sin Data
2026-08-24,Trabajoscom, A Coruña, A Coruña,Cocinero/a - Centro Residencial DomusVi A Coruña,Sin Data,Sin Data,De duracion determinada,Jornada Completa,Sin Data,DomusVi,Sin Data
2026-08-24,Trabajoscom, Tarragona, Tarragona,Operario/a polivalente (sector plásticos),Sin Data,Sin Data,De duracion determinada,Jornada Completa,Sin Data,Iman Temporing,Sin Data
2026-08-24,Trabajoscom, Madrid, Madrid,Operario/a producción-Turno fijo tarde- Villaverde,Sin Data,Sin Data,De duracion determinada,Jornada Completa,Sin Data,Crit Interim España ETT,Sin Data
2026-08-24,Trabajoscom, Barcelona, Barcelona,Operario/a Tratamiento Térmico,Sin Data,Sin Data,De duracion determinada,Jornada Completa,Sin Data,Crit Interim España ETT,Sin Data
2026-08-24,Trabajoscom, Barcelona, Barcelona,Operario/a Extracción de Piezas en Láser,Sin Data,Sin Data,De duracion determinada,Jornada Completa,Sin Data,Crit Interim España ETT,Sin Data
2026-08-24,Trabajoscom, Sevilla, Sevilla,Office (h/m) (con discapacidad),Sin Data,Sin Data,De duracion determinada,Jornada Completa,Sin Data,Crit Interim España ETT,Sin Data
2026-08-24,Trabajoscom, Segovia, Segovia,Repartidor/a paquetería (sin experiencia),Sin Data,Sin Data,De duracion determinada,Jornada Completa,Sin Data,Iman Temporing,Sin Data
2026-08-24,Trabajoscom, Madrid, Madrid,Jefe/a de Obra (reformas residenciales),Sin Data,Sin Data,Indefinido,Jornada Completa,Sin Data,Iman Global Consulting,Sin Data
2026-08-24,Trabajoscom, Madrid, Madrid,Operario/a de Jardinería y Servicios de Cementerio,Sin Data,Sin Data,De duracion determinada,Jornada Completa,Sin Data,Crit Interim España ETT,Sin Data
2026-08-24,Trabajoscom, Alicante, Alicante,Diseñador/a de producto,21.000 € - 22.000 €,Sin Data,Indefinido,Jornada Completa,Sin Data,Iman Temporing,Sin Data
2026-08-24,Trabajoscom, Murcia, Murcia,Personal de Limpieza - Centro Residencial DomusVi Ciudad de Murcia,Sin Data,Sin Data,De duracion determinada,Media Jornada,Sin Data,DomusVi,Sin Data
2026-08-24,Trabajoscom, Navarra, Navarra,Soldador/a,21 € - 22 €,Sin Data,De duracion determinada,Jornada Completa,Sin Data,Iman Temporing,Sin Data
2026-08-24,Trabajoscom, Madrid, Madrid,Jardinero/a - Operario/a de Cementerio,Sin Data,Sin Data,De duracion determinada,Jornada Completa,Sin Data,Crit Interim España ETT,Sin Data
2026-08-24,Trabajoscom, Navarra, Navarra,Técnico/a de Mantenimiento y Automatización,Sin Data,Sin Data,Indefinido,Jornada Completa,Sin Data,Iman Temporing,Sin Data
2026-08-24,Trabajoscom, Araba, Araba,Operario/a máquina de corte por agua CNC,21.000 € - 22.500 €,Sin Data,De duracion determinada,Jornada Completa,Sin Data,Crit Interim España ETT,Sin Data
2026-08-24,Trabajoscom, Asturias, Asturias,Camarera/o de pisos media jornada,Sin Data,Sin Data,Indefinido,Jornada Indiferente,Sin Data,Citius Outsourcing,Sin Data
2026-08-24,Trabajoscom, Madrid, Madrid,Operario/a montaje FP electricidad,Sin Data,Sin Data,De duracion determinada,Jornada Completa,Sin Data,Iman Temporing,Sin Data
2026-08-24,Trabajoscom, Navarra, Navarra,Administrativo/a Gestión de Fincas,Sin Data,Sin Data,Indefinido,Jornada Completa,Sin Data,Pacto,Sin Data
2026-08-24,Trabajoscom, Valladolid, Valladolid,Operario/a de producción en Medina del Campo,Sin Data,Sin Data,Indefinido,Jornada Completa,Sin Data,Iman Temporing,Sin Data
2026-08-24,Trabajoscom, Murcia, Murcia,Operario/a de producción,Sin Data,Sin Data,De duracion determinada,Jornada Completa,Sin Data,Crit Interim España ETT,Sin Data
2026-08-24,Trabajoscom, Murcia, Murcia,Director/a de mantenimiento,Sin Data,Sin Data,Indefinido,Jornada Completa,Sin Data,Crit Interim España ETT,Sin Data
2026-08-24,Trabajoscom, Barcelona, Barcelona,URGE! Mozo/a almacén incorporación 25/8,17.094 €,Sin Data,De duracion determinada,Jornada Completa,Sin Data,Iman Temporing,Sin Data
2026-08-24,Trabajoscom, Guadalajara, Guadalajara,Jefe/a de Obra (rehabilitación de edificios),Sin Data,Sin Data,Indefinido,Jornada Completa,Sin Data,Iman Global Consulting,Sin Data
2026-08-24,Trabajoscom, Teruel, Teruel,Oficial de Teleasistencia - DomusVi TAD Castellón/Vinarós,Sin Data,Sin Data,De duracion determinada,Media Jornada,Sin Data,DomusVi,Sin Data
2026-08-24,Trabajoscom, Valladolid, Valladolid,Técnico de Mant. Industrial en Medina del Campo,29 €,Sin Data,Indefinido,Jornada Completa,Sin Data,Iman Global Consulting,Sin Data
2026-08-24,Trabajoscom, Lleida, Lleida,Desarrollador/a de Negocio (EdTech Specialist),Sin Data,Sin Data,Indefinido,Jornada Completa,Sin Data,Crit Interim España ETT,Sin Data
2026-08-24,Trabajoscom, Guadalajara, Guadalajara,Operario de producción Galénica - I+D,Sin Data,Sin Data,Indefinido,Jornada Completa,Sin Data,Crit Interim España ETT,Sin Data
2026-08-24,Trabajoscom, Alicante, Alicante,MOZO/A DE ALMACÉN,Sin Data,Sin Data,Indefinido,Jornada Completa,Sin Data,Iman Temporing,Sin Data
2026-08-24,Trabajoscom, Barcelona, Barcelona,Operario/a Producción sector METAL c/ curso C9,Sin Data,Sin Data,Indefinido,Jornada Completa,Sin Data,Crit Interim España ETT,Sin Data
2026-08-24,Trabajoscom, Barcelona, Barcelona,Técnico/ a de Mantenimiento Electomecánico,Sin Data,Sin Data,De duracion determinada,Jornada Completa,Sin Data,Crit Interim España ETT,Sin Data
2026-08-24,Trabajoscom, Araba, Araba,Montador/a mobiliario 7:00 a 15:00 por empresa,22.000 € - 25.000 €,Sin Data,Indefinido,Jornada Completa,Sin Data,Crit Interim España ETT,Sin Data
2026-08-24,Trabajoscom, Barcelona, Barcelona,Técnico/a de laboratorio- Mercabarna,Sin Data,Sin Data,De duracion determinada,Jornada Completa,Sin Data,Crit Interim España ETT,Sin Data
2026-08-24,Trabajoscom, Madrid, Madrid,Gestor/a Recurso Preventivo. 60 h PRL. 1 semana,Sin Data,Sin Data,De duracion determinada,Jornada Indiferente,Sin Data,Iman Temporing,Sin Data
2026-08-24,Trabajoscom, Alicante, Alicante,Operario/a Industria Textil (Muro de Alcoy),18.000 € - 18.500 €,Sin Data,Indefinido,Jornada Completa,Sin Data,Iman Temporing,Sin Data
2026-08-24,Trabajoscom, Araba, Araba,OPERARIOS/AS MESA DE SELECCIÓN DE UVA,Sin Data,Sin Data,De duracion determinada,Jornada Completa,Sin Data,Iman Temporing,Sin Data
2026-08-24,Trabajoscom, Madrid, Madrid,Administrativo/a de Taller de Vehículos - Campo Real,Sin Data,Sin Data,De duracion determinada,Jornada Completa,Sin Data,Crit Interim España ETT,Sin Data
2026-08-24,Trabajoscom, Valladolid, Valladolid,Ayudante de camarero/a o cocina,Sin Data,Sin Data,De duracion determinada,Media Jornada,Sin Data,Iman Temporing,Sin Data
2026-08-24,Trabajoscom, Barcelona, Barcelona,Técnico/ a de Mantenimiento Electomecánico,Sin Data,Sin Data,De duracion determinada,Jornada Completa,Sin Data,Crit Interim España ETT,Sin Data
2026-08-24,Trabajoscom, Araba, Araba,Montador/a mobiliario 7:00 a 15:00 por empresa,22.000 € - 25.000 €,Sin Data,Indefinido,Jornada Completa,Sin Data,Crit Interim España ETT,Sin Data
2026-08-24,Trabajoscom, Barcelona, Barcelona,Técnico/a de laboratorio- Mercabarna,Sin Data,Sin Data,De duracion determinada,Jornada Completa,Sin Data,Crit Interim España ETT,Sin Data
2026-08-24,Trabajoscom, Murcia, Murcia,Limpiador/a Fabrica,Sin Data,Sin Data,De duracion determinada,Jornada Completa,Sin Data,Crit Interim España ETT,Sin Data
2026-08-24,Trabajoscom, Teruel, Teruel,Instalador de Teleasistencia - DomusVi TAD Castellón/Vinarós,Sin Data,Sin Data,De duracion determinada,Media Jornada,Sin Data,DomusVi,Sin Data
2026-08-24,Trabajoscom, Barcelona, Barcelona,Comercial Maquinas Recreativas - Terrassa,Sin Data,Sin Data,De duracion determinada,Jornada Completa,Sin Data,Iman Temporing,Sin Data
2026-08-24,Trabajoscom, Araba, Araba,Subgobernanta/e de equipo de camareras/os de pisos,Sin Data,Sin Data,De duracion determinada,Media Jornada,Sin Data,Citius Outsourcing,Sin Data
2026-08-24,Trabajoscom, Barcelona, Barcelona,Operario/a Producción sector METAL c/ curso C9,Sin Data,Sin Data,Indefinido,Jornada Completa,Sin Data,Crit Interim España ETT,Sin Data
2026-08-24,Trabajoscom, Barcelona, Barcelona,Operarios/as de prensas para corte fino,Sin Data,Sin Data,De duracion determinada,Jornada Completa,Sin Data,Iman Temporing,Sin Data
2026-08-24,Trabajoscom, Cantabria, Cantabria,Operario/a metal con TPM y Carretilla elevadora,Sin Data,Sin Data,De duracion determinada,Jornada Completa,Sin Data,Crit Interim España ETT,Sin Data
2026-08-24,Trabajoscom, Valencia, Valencia,Técnico/a de Aplicaciones Agrícolas,Sin Data,Sin Data,De duracion determinada,Jornada Indiferente,Sin Data,Iman Temporing,Sin Data
2026-08-24,Trabajoscom, Madrid, Madrid,Vigilante de seguridad Madrid,Sin Data,Sin Data,Indefinido,Jornada Completa,Sin Data,Iman Seguridad,Sin Data
2026-08-24,Trabajoscom, Araba, Araba,Montador/a mecánico 7:00 a 15:00,21.700 € - 26.600 €,Sin Data,De duracion determinada,Jornada Completa,Sin Data,Crit Interim España ETT,Sin Data
2026-08-24,Trabajoscom,A Coruña,Santiago De Compostela,Gerocultor/a - Auxiliar de enfermería Centro Residencial DomusVi Santiago,Sin Data,Sin Data,Indefinido,Jornada Completa,Sin Data,DomusVi,Sin Data
2026-08-24,Trabajoscom, Málaga, Málaga,Peón/a Industria Congelados,Sin Data,Sin Data,De duracion determinada,Jornada Completa,Sin Data,Iman Temporing,Sin Data
2026-08-24,Trabajoscom, Valladolid, Valladolid,Operario/a producción-Artes Graficas,Sin Data,Sin Data,Indefinido,Jornada Completa,Sin Data,Iman Temporing,Sin Data
2026-08-24,Trabajoscom, Valladolid, Valladolid,Mozo/a de almacén (Turno L-V de 7-15h),16.000 € - 16.999 €,Sin Data,De duracion determinada,Jornada Completa,Sin Data,Iman Temporing,Sin Data
2026-08-24,Trabajoscom, Bizkaia, Bizkaia,Almacenero/a,Sin Data,Sin Data,De duracion determinada,Jornada Completa,Sin Data,Iman Temporing,Sin Data
2026-08-24,Trabajoscom, A Coruña, A Coruña,Ayudante de Cocina- Centro Residencial DomusVi Carballo,Sin Data,Sin Data,De duracion determinada,Media Jornada,Sin Data,DomusVi,Sin Data
2026-08-24,Trabajoscom, Madrid, Madrid,Enfermero/a - DUE Centro Residencial DomusVi Tres Cantos,Sin Data,Sin Data,Indefinido,Jornada Indiferente,Sin Data,DomusVi,Sin Data
2026-08-24,Trabajoscom, Las Palmas, Las Palmas,Mozo/a conductor/a-lavacoches (Rent a car)-FTV,17.094 €,Sin Data,De duracion determinada,Media Jornada,Sin Data,Citius Solutions,Sin Data
2026-08-24,Trabajoscom, Barcelona, Barcelona,control de accesos sust de verano,Sin Data,Sin Data,Indefinido,Jornada Indiferente,Sin Data,Iman Corporation,Sin Data
2026-08-24,Trabajoscom, Navarra, Navarra,AYUDANTE DE COCINA AVANZADA,Sin Data,Sin Data,Indefinido,Jornada Completa,Sin Data,Pacto,Sin Data
2026-08-24,Trabajoscom, Madrid, Madrid,AUXILIAR ADMINISTRATIVO/A,Sin Data,Sin Data,Indefinido,Jornada Completa,Sin Data,Iman Temporing,Sin Data
2026-08-24,Trabajoscom, Asturias, Asturias,Acondicionador/a de Vehículos,Sin Data,Sin Data,De duracion determinada,Media Jornada,Sin Data,Iman Temporing,Sin Data
2026-08-24,Trabajoscom, Sevilla, Sevilla,Ayudante de Recepcionista  - Sevilla,Sin Data,Sin Data,De duracion determinada,Jornada Completa,Sin Data,Iman Temporing,Sin Data
2026-08-24,Trabajoscom, Murcia, Murcia,Ingeniero/a Eléctrico,25.000 € - 38.000 €,Sin Data,Indefinido,Jornada Completa,Sin Data,Iman Global Consulting,Sin Data
2026-08-24,Trabajoscom, Gipuzkoa, Gipuzkoa,Enfermero/a - DUE Centro Residencial DomusVi Villasacramento,Sin Data,Sin Data,Indefinido,Jornada Completa,Sin Data,DomusVi,Sin Data
2026-08-24,Trabajoscom, Murcia, Murcia,Auxiliar de enfermería (Gerocultor/a),15.000 € - 16.000 €,Sin Data,Indefinido,Jornada Completa,Sin Data,Iman Temporing,Sin Data
2026-08-24,Trabajoscom, Barcelona, Barcelona,Administrativo/a Logística con Inglés,Sin Data,Sin Data,De duracion determinada,Jornada Completa,Sin Data,Iman Temporing,Sin Data
2026-08-24,Trabajoscom, A Coruña, A Coruña,MANIPULADOR/A TEXTIL,Sin Data,Sin Data,Indefinido,Jornada Completa,Sin Data,Iman Temporing,Sin Data
2026-08-24,Trabajoscom, Barcelona, Barcelona,Vigilante de Seguridad  MANRESA - Plus  600€,Sin Data,Sin Data,Indefinido,Jornada Completa,Sin Data,Iman Seguridad,Sin Data
2026-08-24,Trabajoscom, Madrid, Madrid,Electromecánico/a,Sin Data,Sin Data,Indefinido,Jornada Completa,Sin Data,Iman Temporing,Sin Data
2026-08-24,Trabajoscom, Barcelona, Barcelona,Vigilante de Seguridad en Organismo Público,Sin Data,Sin Data,Indefinido,Jornada Completa,Sin Data,Iman Seguridad,Sin Data
2026-08-24,Trabajoscom, Asturias, Asturias,Personal de Limpieza - Centro Residencial DomusVi Carancos,Sin Data,Sin Data,De duracion determinada,Jornada Completa,Sin Data,DomusVi,Sin Data
2026-08-24,Trabajoscom, Barcelona, Barcelona,Personal de Limpieza - Centro Residencial DomusVi Gràcia,Sin Data,Sin Data,De duracion determinada,Jornada Completa,Sin Data,DomusVi,Sin Data
2026-08-24,Trabajoscom, Barcelona, Barcelona,Operario/a de calidad Turno Mañana,Sin Data,Sin Data,Indefinido,Jornada Completa,Sin Data,Iman Temporing,Sin Data
2026-08-24,Trabajoscom, Barcelona, Barcelona,Operario/a de calidad Turno Tarde,Sin Data,Sin Data,Indefinido,Jornada Completa,Sin Data,Iman Temporing,Sin Data
2026-08-24,Trabajoscom, Sevilla, Sevilla,Preparador/a de pedidos (Polígono la Isla),Sin Data,Sin Data,De duracion determinada,Jornada Completa,Sin Data,Iman Temporing,Sin Data
2026-08-24,Trabajoscom, Zaragoza, Zaragoza,operario de planta,Sin Data,Sin Data,De duracion determinada,Jornada Completa,Sin Data,Iman Temporing,Sin Data
2026-08-24,Trabajoscom, Guadalajara, Guadalajara,Jefe/a de Obra (rehabilitación de edificios),Sin Data,Sin Data,Indefinido,Jornada Completa,Sin Data,Iman Global Consulting,Sin Data
2026-08-24,Trabajoscom, Valladolid, Valladolid,Operario/a de producción en Medina del Campo,Sin Data,Sin Data,Indefinido,Jornada Completa,Sin Data,Iman Temporing,Sin Data
2026-08-24,Trabajoscom, Murcia, Murcia,Operario/a de producción,Sin Data,Sin Data,De duracion determinada,Jornada Completa,Sin Data,Crit Interim España ETT,Sin Data
2026-08-24,Trabajoscom, Murcia, Murcia,Director/a de mantenimiento,Sin Data,Sin Data,Indefinido,Jornada Completa,Sin Data,Crit Interim España ETT,Sin Data
2026-08-24,Trabajoscom, Madrid, Madrid,Jefe/a de Obra (reformas residenciales),Sin Data,Sin Data,Indefinido,Jornada Completa,Sin Data,Iman Global Consulting,Sin Data
2026-08-24,Trabajoscom, Barcelona, Barcelona,CHOFER CARNET B,Sin Data,Sin Data,De duracion determinada,Jornada Completa,Sin Data,Iman Temporing,Sin Data
2026-08-24,Trabajoscom, Castellón, Castellón,Carretillero/a ( Aeropuerto Castellón),Sin Data,Sin Data,De duracion determinada,Jornada Completa,Sin Data,Iman Temporing,Sin Data
2026-08-24,Trabajoscom, Valencia, Valencia,Diseñador/a Industrial Junior | Valencia,Sin Data,Sin Data,De duracion determinada,Jornada Completa,Sin Data,Crit Interim España ETT,Sin Data
2026-08-24,Trabajoscom, Murcia, Murcia,Ayudante de Mantenieinto,Sin Data,Sin Data,Indefinido,Jornada Completa,Sin Data,Crit Interim España ETT,Sin Data
2026-08-24,Trabajoscom, Valladolid, Valladolid,Técnico de Mantenimiento Industrial,29 €,Sin Data,Indefinido,Jornada Completa,Sin Data,Iman Global Consulting,Sin Data
2026-08-24,Trabajoscom, Madrid, Madrid,Electromecánico/a de montaje y puesta en marcha,Sin Data,Sin Data,Indefinido,Jornada Completa,Sin Data,Crit Interim España ETT,Sin Data
2026-08-24,Trabajoscom, Valladolid, Valladolid,Técnico de Mant. Industrial en Medina del Campo,29 €,Sin Data,Indefinido,Jornada Completa,Sin Data,Iman Global Consulting,Sin Data
2026-08-24,Trabajoscom, Valladolid, Valladolid,Técnico de Mant. Industrial en Medina del Campo,29 €,Sin Data,Indefinido,Jornada Completa,Sin Data,Iman Global Consulting,Sin Data
2026-08-24,Trabajoscom, Valladolid, Valladolid,Técnico de Mant. Industrial en Medina del Campo,29 €,Sin Data,Indefinido,Jornada Completa,Sin Data,Iman Global Consulting,Sin Data
2026-08-24,Trabajoscom, Teruel, Teruel,Oficial de Teleasistencia - DomusVi TAD Castellón/Vinarós,Sin Data,Sin Data,De duracion determinada,Media Jornada,Sin Data,DomusVi,Sin Data
2026-08-24,Trabajoscom, Alicante, Alicante,MOZO/A DE ALMACÉN,Sin Data,Sin Data,Indefinido,Jornada Completa,Sin Data,Iman Temporing,Sin Data
2026-08-24,Trabajoscom, Lleida, Lleida,Desarrollador/a de Negocio (EdTech Specialist),Sin Data,Sin Data,Indefinido,Jornada Completa,Sin Data,Crit Interim España ETT,Sin Data
2026-08-24,Trabajoscom, Guadalajara, Guadalajara,Operario de producción Galénica - I+D,Sin Data,Sin Data,Indefinido,Jornada Completa,Sin Data,Crit Interim España ETT,Sin Data
2026-08-24,Trabajoscom, Cantabria, Cantabria,Operario/a metal con TPM y Carretilla elevadora,Sin Data,Sin Data,De duracion determinada,Jornada Completa,Sin Data,Crit Interim España ETT,Sin Data
2026-08-24,Trabajoscom, Murcia, Murcia,Limpiador/a Fabrica,Sin Data,Sin Data,De duracion determinada,Jornada Completa,Sin Data,Crit Interim España ETT,Sin Data
2026-08-24,Trabajoscom,Barcelona,Montcada I Reixac,REPARTIDOR/A EN MONTCADA I REIXAC (ZONA VALLÈS OCCIDENTAL),Sin Data,Sin Data,De duracion determinada,Jornada Completa,Sin Data,Temps,Sin Data
2026-08-24,Trabajoscom,Alicante,Santa Pola,Reponedor/a de supermercados para Carrefour Santa Pola - hasta el 21/09,569 € - 570 €,Sin Data,De duracion determinada,Media Jornada,Sin Data,Caher Servicios al Marketing,Sin Data
2026-08-24,Trabajoscom,Madrid,Las Rozas De Madrid,Reponedor/a en ruta en Torrelodones y Las Rozas 5h/sem. -Domingos/festivos. -indefinido,178 € - 179 €,Sin Data,Indefinido,Media Jornada,Sin Data,Caher Servicios al Marketing,Sin Data
2026-08-24,Trabajoscom,Málaga,Marbella,Reponedor/a en ruta en Estepona y Marbella(2 supers). Sábados/festivos. -4h/sem. Indefinid,142 € - 143 €,Sin Data,Indefinido,Media Jornada,Sin Data,Caher Servicios al Marketing,Sin Data
2026-08-24,Trabajoscom,Madrid,Todo Madrid,SECRETARIA DE DIRECCION DE INMOBILIARIA,1.500 €,Sin Data,Indefinido,Jornada Intensiva,Sin Data,Beauty Concept,Sin Data
2026-08-24,Trabajoscom,Zaragoza,Remolinos,Operario/a con carretilla para REMOLINOS,Sin Data,Sin Data,De duracion determinada,Jornada Completa,Sin Data,Grupo Adecco,Sin Data
2026-08-24,Trabajoscom,Madrid,San Lorenzo De El Escorial,Beca RRHH-Legal (El Escorial),Sin Data,Sin Data,Formativo,Media Jornada,Sin Data,Grupo Adecco,Sin Data
2026-08-24,Trabajoscom,Granada,Castell De Ferro,ELECTROMECANICO/A SECTOR HORTOFRUTÍCOLA,Sin Data,Sin Data,Indefinido,Jornada Intensiva,Sin Data,Grupo Adecco,Sin Data
2026-08-24,Trabajoscom,Madrid,Las Rozas De Madrid,Asesor Inmobiliario / Ventas,1.300 € - 3.000 €,Sin Data,Indefinido,Jornada Completa,Sin Data,Tecnocasa - Estudio Inmobiliario Las Rozas Európolis,Sin Data
2026-08-24,Trabajoscom,Granada,Albolote,Vendedor/a de muebles de cocinas - Granada,Sin Data,Sin Data,Indefinido,Jornada Completa,Sin Data,Grupo Adecco,Sin Data
2026-08-24,Trabajoscom,Málaga,Marbella,Sales Associate Versace (Marbella),Sin Data,Sin Data,De duracion determinada,Media Jornada,Sin Data,Grupo Adecco,Sin Data
2026-08-24,Trabajoscom,Madrid,Madrid,???? Oficial de Montaje – Instalaciones de Protección Contra Incendios,Sin Data,Sin Data,Indefinido,Jornada Completa,Sin Data,Ocean Facility Services,Sin Data
2026-08-24,Trabajoscom,Madrid,Madrid,⚡TÉCNICO MANTENIMIENTO ELECTRICISTA - OFICIAL DE 1ª  (Solo Madrid),Sin Data,Sin Data,Indefinido,Jornada Completa,Sin Data,Ocean Facility Services,Sin Data
2026-08-24,Trabajoscom,Madrid,Alcorcón,Promotor/a PAE Madrid Alcorcón,Sin Data,Sin Data,Indefinido,Media Jornada,Sin Data,Grupo Adecco,Sin Data
2026-08-24,Trabajoscom,Madrid,Loeches,Carretillero/a Retráctil y  Frontal (automoción) - Loeches,Sin Data,Sin Data,De duracion determinada,Jornada Completa,Sin Data,Grupo Adecco,Sin Data
2026-08-24,Trabajoscom,Girona,Olot,Asesor/a Fiscal,Sin Data,Sin Data,Indefinido,Jornada Completa,Sin Data,Grupo Adecco,Sin Data
2026-08-24,Trabajoscom,Gipuzkoa,Todo Gipuzkoa,Técnico/a Financiero,Sin Data,Sin Data,Indefinido,Jornada Completa,Sin Data,AdegiLan,Sin Data
2026-08-24,Trabajoscom,Gipuzkoa,Todo Gipuzkoa,Deception Junior Integrator,Sin Data,Sin Data,De duracion determinada,Jornada Completa,Sin Data,AdegiLan,Sin Data
2026-08-24,Trabajoscom,Gipuzkoa,Todo Gipuzkoa,Gestor-a de Oficina de Estudiantes,Sin Data,Sin Data,Indefinido,Jornada Completa,Sin Data,AdegiLan,Sin Data
2026-08-24,Trabajoscom,Gipuzkoa,Todo Gipuzkoa,Operador/a de Producción,Sin Data,Sin Data,De duracion determinada,Jornada Completa,Sin Data,AdegiLan,Sin Data
2026-08-24,Trabajoscom,Burgos,Burgos,Técnico/a Auditoria Interna Financiera,Sin Data,Sin Data,De duracion determinada,Jornada Completa,Sin Data,Grupo Adecco,Sin Data
2026-08-24,Trabajoscom,Burgos,Aranda De Duero,Gestor/a Comercial Bancario- Aranda De Duero,Sin Data,Sin Data,Indefinido,Jornada Completa,Sin Data,Grupo Adecco,Sin Data
2026-08-24,Trabajoscom,Navarra,Marcilla,CARRETILLERO/A DISPONIBILIDAD INMEDIATA,Sin Data,Sin Data,De duracion determinada,Jornada Completa,Sin Data,Temps,Sin Data
2026-08-24,Trabajoscom,Huesca,Fraga,Especialista Técnico Seguridad y Medioambiente,Sin Data,Sin Data,De duracion determinada,Jornada Completa,Sin Data,Temps,Sin Data
2026-08-24,Trabajoscom,Madrid,Ajalvir,Mozo/Carretillero/a de pinzas y/o frontal,Sin Data,Sin Data,De duracion determinada,Jornada Completa,Sin Data,Temps,Sin Data
2026-08-24,Trabajoscom,Burgos,Todo Burgos,Operario de bodega,Sin Data,Sin Data,De duracion determinada,Jornada Completa,Sin Data,Bodega Doble R,Sin Data
2026-08-24,Trabajoscom,Madrid,Alcalá De Henares,Impresor/a artes gráficas - Alcala de Henares,Sin Data,Sin Data,Indefinido,Jornada Completa,Sin Data,Grupo Adecco,Sin Data
2026-08-24,Trabajoscom,Tarragona,El Vendrell,OPERARIO/A DE LIMPIEZA EN EL VENDRELL- SERVICIO FIJO,Sin Data,Sin Data,De duracion determinada,Jornada Indiferente,Sin Data,Sernet Servicios Integrales,Sin Data
2026-08-24,Trabajoscom,Zaragoza,Zaragoza,Mozo/a-a de almacén con carretilla,Sin Data,Sin Data,De duracion determinada,Media Jornada,Sin Data,Grupo Adecco,Sin Data
2026-08-24,Trabajoscom,Zaragoza,Zaragoza,Operario/a-a de limpieza,Sin Data,Sin Data,De duracion determinada,Media Jornada,Sin Data,Grupo Adecco,Sin Data
2026-08-24,Trabajoscom,Las Palmas,Las Palmas De Gran Canaria,Jefe/a de Obra (proyectos eléctricos) Las Palmas,Sin Data,Sin Data,Indefinido,Jornada Completa,Sin Data,Temps,Sin Data
2026-08-24,Trabajoscom,Las Palmas,Las Palmas De Gran Canaria,Jefe /a de Equipo - Mantenimiento Eléctrico,Sin Data,Sin Data,Indefinido,Jornada Completa,Sin Data,Temps,Sin Data
2026-08-24,Trabajoscom,Lleida,Lleida,Técnico/a Prevención de Riesgos Laborales (PRL) y Medio Ambiente,Sin Data,Sin Data,Indefinido,Jornada Completa,Sin Data,Temps,Sin Data
2026-08-24,Trabajoscom,Cantabria,Santander,Mozo/a de almacén con carretillas especializado en Fontanería,20.000 € - 21.000 €,Sin Data,De duracion determinada,Jornada Completa,Sin Data,Temps,Sin Data
2026-08-24,Trabajoscom,A Coruña,Santiago De Compostela,REPARTIDOR/A DOMINO´S PIZZA en SANTIAGO DE COMPOSTELA [AGDPR],1 €,Sin Data,Indefinido,Jornada Indiferente,Sin Data,Domino's Pizza,Sin Data
2026-08-24,Trabajoscom,Gipuzkoa,Donostia-San Sebastian,Comercial B2B - Inside Sales - Servicios para Empresas,Sin Data,Sin Data,Indefinido,Jornada Completa,Sin Data,Hispavista,Sin Data
2026-08-24,Trabajoscom,Sevilla,Carmona,Servicio de limpieza en Carmona ( Sevilla),Sin Data,Sin Data,De duracion determinada,Trabajo Por Horas,Sin Data,Trigo y Martin Asociados,Sin Data
2026-08-24,Trabajoscom,Ciudad Real,Almaden,Servicio de limpieza en Almadén (Ciudad Real),Sin Data,Sin Data,De duracion determinada,Trabajo Por Horas,Sin Data,Trigo y Martin Asociados,Sin Data
2026-08-24,Trabajoscom, A Coruña, A Coruña,Enfermero/a - DUE Centro Residencial DomusVi Matogrande,Sin Data,Sin Data,Indefinido,Jornada Completa,Sin Data,DomusVi,Sin Data
2026-08-24,Trabajoscom, Barcelona, Barcelona,Operario/a - Turno de Tarde,Sin Data,Sin Data,Indefinido,Jornada Completa,Sin Data,Iman Temporing,Sin Data
2026-08-24,Trabajoscom, Girona, Girona,Dependiente/a lloret de mar,Sin Data,Sin Data,De duracion determinada,Jornada Completa,Sin Data,Pacto,Sin Data
2026-08-24,Trabajoscom, Zaragoza, Zaragoza,Operario/a producción (plástico),Sin Data,Sin Data,De duracion determinada,Jornada Completa,Sin Data,Iman Temporing,Sin Data
2026-08-24,Trabajoscom, Barcelona, Barcelona,OPERARIO/A CLIMATIZACIÓN,Sin Data,Sin Data,De duracion determinada,Jornada Completa,Sin Data,Iman Temporing,Sin Data
2026-08-24,Trabajoscom, Barcelona, Barcelona,TÉCNICO/A INSTALADOR/A,Sin Data,Sin Data,Indefinido,Jornada Completa,Sin Data,Iman Temporing,Sin Data
2026-08-24,Trabajoscom, Girona, Girona,Aux control de accesos nocturno,Sin Data,Sin Data,Indefinido,Jornada Indiferente,Sin Data,Iman Corporation,Sin Data
2026-08-24,Trabajoscom, Zamora, Zamora,Técnico/a Recaudador/a de máquinas recreativas - Zamora,Sin Data,Sin Data,Indefinido,Jornada Completa,Sin Data,Iman Temporing,Sin Data
2026-08-24,Trabajoscom, Gipuzkoa, Gipuzkoa,Mozo/a de Almacén Paquetería,Sin Data,Sin Data,De duracion determinada,Jornada Indiferente,Sin Data,Iman Temporing,Sin Data
2026-08-24,Trabajoscom, Girona, Girona,PERSONAL LIMPIEZA OFICINA - MALLORCA,18.000 €,Sin Data,Indefinido,Jornada Completa,Sin Data,Citius Solutions,Sin Data
2026-08-24,Trabajoscom, Barcelona, Barcelona,Conductor/a de camión (C+E) con pulpo grúa,Sin Data,Sin Data,Indefinido,Jornada Completa,Sin Data,Iman Temporing,Sin Data
2026-08-24,Trabajoscom, Barcelona, Barcelona,Control de accesos nocturno sust de verano.,Sin Data,Sin Data,Indefinido,Jornada Indiferente,Sin Data,Iman Corporation,Sin Data
2026-08-24,Trabajoscom, Alicante, Alicante,Trabajador/a Social Centro Residencial DomusVi San Vicente,Sin Data,Sin Data,Indefinido,Jornada Completa,Sin Data,DomusVi,Sin Data
2026-08-24,Trabajoscom, Valladolid, Valladolid,Auxiliar de Servicios Valladolid Fines de Semana.,Sin Data,Sin Data,Indefinido,Jornada Completa,Sin Data,Iman Corporation,Sin Data
2026-08-24,Trabajoscom, Cádiz, Cádiz,Ingeniero Senior de Automatización Industrial (H/M),Sin Data,Sin Data,Indefinido,Jornada Completa,Sin Data,Iman Global Consulting,Sin Data
2026-08-24,Trabajoscom, Girona, Girona,Técnico/a SAT máquinas recreativas Indefnido -Girona,Sin Data,Sin Data,Indefinido,Jornada Completa,Sin Data,Iman Temporing,Sin Data
2026-08-24,Trabajoscom, Barcelona, Barcelona,Vigilante Seguridad Org.Público Berga Plus 600 €,Sin Data,Sin Data,Indefinido,Jornada Completa,Sin Data,Iman Seguridad,Sin Data
2026-08-24,Trabajoscom, Zaragoza, Zaragoza,Operario/a producción (automoción),Sin Data,Sin Data,De duracion determinada,Jornada Completa,Sin Data,Iman Temporing,Sin Data
2026-08-24,Trabajoscom, Málaga, Málaga,Envasador/a (Zona Axarquía),Sin Data,Sin Data,De duracion determinada,Jornada Completa,Sin Data,Iman Temporing,Sin Data
2026-08-24,Trabajoscom, Alicante, Alicante,Planificador/a de Producción - media jornada,23.000 €,Sin Data,A tiempo parcial,Jornada Indiferente,Sin Data,Iman Temporing,Sin Data
2026-08-24,Trabajoscom, Toledo, Toledo,Preparadores/as de pedidos y Carretilleros/as,Sin Data,Sin Data,De duracion determinada,Jornada Completa,Sin Data,Iman Temporing,Sin Data
2026-08-24,Trabajoscom, Guadalajara, Guadalajara,Fontanero/a,Sin Data,Sin Data,Indefinido,Jornada Completa,Sin Data,Iman Temporing,Sin Data
2026-08-24,Trabajoscom, Barcelona, Barcelona,Animador/a Sociocultural Centro Residencial DomusVi Vallès Nord,Sin Data,Sin Data,Indefinido,Media Jornada,Sin Data,DomusVi,Sin Data
2026-08-24,Trabajoscom, Asturias, Asturias,Personal de Limpieza - Centro Residencial DomusVi El Quirinal,Sin Data,Sin Data,De duracion determinada,Jornada Completa,Sin Data,DomusVi,Sin Data
2026-08-24,Trabajoscom, Cantabria, Cantabria,Lavandero/a - Centro Residencial DomusVi Stella Maris,Sin Data,Sin Data,De duracion determinada,Jornada Completa,Sin Data,DomusVi,Sin Data
2026-08-24,Trabajoscom, Alicante, Alicante,Auxiliar de laboratorio físico (Alcoy),Sin Data,Sin Data,De duracion determinada,Jornada Completa,Sin Data,Iman Temporing,Sin Data
2026-08-24,Trabajoscom, Barcelona, Barcelona,Mozo/a carretillero/a retráctil turno tarde,Sin Data,Sin Data,De duracion determinada,Jornada Completa,Sin Data,Iman Temporing,Sin Data
2026-08-24,Trabajoscom, Zaragoza, Zaragoza,TÉCNICO/A DE MANTENIMIENTO ELECTROMECÁNICO,28 € - 32 €,Sin Data,Indefinido,Jornada Completa,Sin Data,Iman Temporing,Sin Data
2026-08-24,Trabajoscom, Burgos, Burgos,Ingeniero/a Químico/a de Calidad,Sin Data,Sin Data,Indefinido,Jornada Completa,Sin Data,Iman Global Consulting,Sin Data
2026-08-24,Trabajoscom, Barcelona, Barcelona,Conserjería/Recepción/Att. cliente TARDES,Sin Data,Sin Data,Indefinido,Jornada Indiferente,Sin Data,Iman Corporation,Sin Data
2026-08-24,Trabajoscom, Barcelona, Barcelona,Operarios/as industrial/soldadura robotizada,Sin Data,Sin Data,Indefinido,Jornada Completa,Sin Data,Iman Temporing,Sin Data
2026-08-24,Trabajoscom, Sevilla, Sevilla,Operario/a de Puente Grúa,Sin Data,Sin Data,De duracion determinada,Jornada Completa,Sin Data,Iman Temporing,Sin Data
2026-08-24,Trabajoscom, Gipuzkoa, Gipuzkoa,Operario/a Embalaje,Sin Data,Sin Data,De duracion determinada,Jornada Completa,Sin Data,Iman Temporing,Sin Data
2026-08-24,Trabajoscom, Lleida, Lleida,Gerocultor/a - Auxiliar de enfermería Centro Residencial DomusVi Sant Pere Claver,Sin Data,Sin Data,Indefinido,Jornada Indiferente,Sin Data,DomusVi,Sin Data
2026-08-24,Trabajoscom, Barcelona, Barcelona,Técnico/a de RRHH,Sin Data,Sin Data,De duracion determinada,Jornada Completa,Sin Data,Iman Temporing,Sin Data
2026-08-24,Trabajoscom, Jaén, Jaén,Operario/a fabricación y montaje,Sin Data,Sin Data,De duracion determinada,Jornada Completa,Sin Data,Crit Interim España ETT,Sin Data
2026-08-24,Trabajoscom, Madrid, Madrid,Mozo/a Preparador/a con Carretilla.,Sin Data,Sin Data,De duracion determinada,Jornada Completa,Sin Data,Crit Interim España ETT,Sin Data
2026-08-24,Trabajoscom, Madrid, Madrid,Operario/a producción-Turno fijo noche Villaverde,Sin Data,Sin Data,De duracion determinada,Jornada Completa,Sin Data,Crit Interim España ETT,Sin Data
2026-08-24,Trabajoscom, Jaén, Jaén,Operario/a de radial metal,Sin Data,Sin Data,De duracion determinada,Jornada Completa,Sin Data,Crit Interim España ETT,Sin Data
2026-08-24,Trabajoscom, Barcelona, Barcelona,Chofer/a Carnet C + CAP,Sin Data,Sin Data,Indefinido,Jornada Completa,Sin Data,Pacto,Sin Data
2026-08-24,Trabajoscom, Madrid, Madrid,Técnico/a Eléctrico/a – Soporte Técnico Comercial,Sin Data,Sin Data,De duracion determinada,Jornada Completa,Sin Data,Crit Interim España ETT,Sin Data
2026-08-24,Trabajoscom, Madrid, Madrid,Comercial (transporte internacional y logística),Sin Data,Sin Data,Indefinido,Jornada Completa,Sin Data,Iman Global Consulting,Sin Data
2026-08-24,Trabajoscom, Teruel, Teruel,Carretillero/a.,Sin Data,Sin Data,De duracion determinada,Jornada Completa,Sin Data,Iman Temporing,Sin Data
2026-08-24,Trabajoscom, Sevilla, Sevilla,Operario/a de limpieza (con discapacidad),Sin Data,Sin Data,De duracion determinada,Jornada Completa,Sin Data,Crit Interim España ETT,Sin Data
2026-08-24,Trabajoscom, Madrid, Madrid,Cyber Defence Manager,Sin Data,Sin Data,Indefinido,Jornada Completa,Sin Data,Crit Interim España ETT,Sin Data
2026-08-24,Trabajoscom, Madrid, Madrid,Técnico/a Mantenimiento. Equipos Tratamiento de agua,Sin Data,Sin Data,Indefinido,Jornada Completa,Sin Data,Iman Temporing,Sin Data
2026-08-24,Trabajoscom, Valencia, Valencia,Vigilante de Seguridad en Ecoparque - Monserrat,Sin Data,Sin Data,De duracion determinada,Jornada Completa,Sin Data,Crit Interim España ETT,Sin Data
2026-08-24,Trabajoscom, Barcelona, Barcelona,Administrativo/a de transporte a media jornada,Sin Data,Sin Data,De duracion determinada,Jornada Completa,Sin Data,Iman Temporing,Sin Data
2026-08-24,Trabajoscom, Araba, Araba,Técnico/a de compras y aprovisionamiento,Sin Data,Sin Data,Indefinido,Jornada Completa,Sin Data,Crit Interim España ETT,Sin Data
2026-08-24,Trabajoscom, Madrid, Madrid,Oficial 3ª VALDEMORO,Sin Data,Sin Data,De duracion determinada,Jornada Completa,Sin Data,Iman Temporing,Sin Data
2026-08-24,Trabajoscom, Barcelona, Barcelona,TÉCNICO/A DE COMPRAS,Sin Data,Sin Data,Indefinido,Jornada Completa,Sin Data,Iman Temporing,Sin Data
2026-08-24,Trabajoscom, Córdoba, Córdoba,Conductor/a de Tráiler | Contrato Indefinido,Sin Data,Sin Data,Indefinido,Jornada Completa,Sin Data,Iman Global Consulting,Sin Data
2026-08-24,Trabajoscom, Barcelona, Barcelona,Gerocultor/a - Auxiliar de enfermería Centro Residencial DomusVi La Salut,Sin Data,Sin Data,Indefinido,Media Jornada,Sin Data,DomusVi,Sin Data
2026-08-24,Trabajoscom, Barcelona, Barcelona,Mozo/a pintura aerografa,Sin Data,Sin Data,Indefinido,Jornada Completa,Sin Data,Lis,Sin Data
2026-08-24,Trabajoscom, Madrid, Madrid,Operario/a panificadora,Sin Data,Sin Data,De duracion determinada,Jornada Completa,Sin Data,Iman Temporing,Sin Data
2026-08-24,Trabajoscom, Cantabria, Cantabria,Repartidores/as,1.575 €,Sin Data,De duracion determinada,Jornada Completa,Sin Data,Iman Temporing,Sin Data
2026-08-24,Trabajoscom, Madrid, Madrid,Dependiente/a B2-C1. Tienda Retal Lujo. 2 semanas,Sin Data,Sin Data,Indefinido,Jornada Completa,Sin Data,Iman Temporing,Sin Data
2026-08-24,Trabajoscom, Barcelona, Barcelona,AYUDANTE DE COCINA,Sin Data,Sin Data,De duracion determinada,Jornada Completa,Sin Data,Iman Temporing,Sin Data
2026-08-24,Trabajoscom, Murcia, Murcia,CONTABLE - FISCAL | Beniaján (Murcia),Sin Data,Sin Data,Indefinido,Jornada Completa,Sin Data,Crit Interim España ETT,Sin Data
2026-08-24,Trabajoscom, Pontevedra, Pontevedra,ADTVO/A COMERCIAL (OFICINA SEGUROS),1.300 € - 1.400 €,Sin Data,Indefinido,Jornada Completa,Sin Data,Iman Temporing,Sin Data
2026-08-24,Trabajoscom, Madrid, Madrid,Jefe/a de Obra (rehabilitación edif.) Ávila/Toledo,Sin Data,Sin Data,Indefinido,Jornada Completa,Sin Data,Iman Global Consulting,Sin Data
2026-08-24,Trabajoscom, Murcia, Murcia,Customer Excellence - Gestión Comercial y Clientes,Sin Data,Sin Data,De duracion determinada,Jornada Completa,Sin Data,Iman Temporing,Sin Data
2026-08-24,Trabajoscom, Barcelona, Barcelona,Auxiliar maquinista sector artes gráficas,17.000 € - 17.196 €,Sin Data,De duracion determinada,Jornada Completa,Sin Data,Iman Temporing,Sin Data
2026-08-24,Trabajoscom, Madrid, Madrid,Operario/a de Almacén (Madrid),Sin Data,Sin Data,De duracion determinada,Jornada Completa,Sin Data,Crit Interim España ETT,Sin Data
2026-08-24,Trabajoscom, Zaragoza, Zaragoza,Ayudante Especialista (Máquinas),Sin Data,Sin Data,De duracion determinada,Jornada Completa,Sin Data,Pacto,Sin Data
2026-08-24,Trabajoscom, Valladolid, Valladolid,Técnico de Mantenimiento Industrial,29 €,Sin Data,Indefinido,Jornada Completa,Sin Data,Iman Global Consulting,Sin Data
2026-08-24,Trabajoscom, Madrid, Madrid,Técnico/a PCI,Sin Data,Sin Data,Indefinido,Jornada Completa,Sin Data,Crit Interim España ETT,Sin Data
2026-08-24,Trabajoscom, Sevilla, Sevilla,Operario/a de Pintura Industrial,Sin Data,Sin Data,De duracion determinada,Jornada Completa,Sin Data,Crit Interim España ETT,Sin Data
2026-08-24,Trabajoscom, Barcelona, Barcelona,Operario/a producción/repartidor química.,Sin Data,Sin Data,Indefinido,Jornada Completa,Sin Data,Crit Interim España ETT,Sin Data
2026-08-24,Trabajoscom, Barcelona, Barcelona,Manipulador/a Componentes Eléctricos,Sin Data,Sin Data,De duracion determinada,Jornada Completa,Sin Data,Crit Interim España ETT,Sin Data
2026-08-24,Trabajoscom, Ávila, Ávila,Técnico/a de Mantenimiento (Avila),Sin Data,Sin Data,Indefinido,Jornada Completa,Sin Data,Crit Interim España ETT,Sin Data
2026-08-24,Trabajoscom, La Rioja, La Rioja,OPERARIO/A DE INYECCIÓN DE PLÁSTICO,Sin Data,Sin Data,De duracion determinada,Jornada Completa,Sin Data,Iman Temporing,Sin Data
2026-08-24,Trabajoscom, Barcelona, Barcelona,Trabajador Familiar DomusVi SAD Badalona,Sin Data,Sin Data,De duracion determinada,Jornada Completa,Sin Data,DomusVi,Sin Data
2026-08-24,Trabajoscom, Barcelona, Barcelona,Integrador/a social DomusVi SAD Badalona,Sin Data,Sin Data,Indefinido,Jornada Completa,Sin Data,DomusVi,Sin Data
2026-08-24,Trabajoscom, Barcelona, Barcelona,Personal de Limpieza DomusVi SAD Badalona,Sin Data,Sin Data,De duracion determinada,Media Jornada,Sin Data,DomusVi,Sin Data
2026-08-24,Trabajoscom, Valladolid, Valladolid,Técnico de Mant. Industrial en Medina del Campo,29 €,Sin Data,Indefinido,Jornada Completa,Sin Data,Iman Global Consulting,Sin Data
2026-08-24,Trabajoscom, Valladolid, Valladolid,Técnico de Mant. Industrial en Medina del Campo,29 €,Sin Data,Indefinido,Jornada Completa,Sin Data,Iman Global Consulting,Sin Data
2026-08-24,Trabajoscom, Barcelona, Barcelona,Coordinador/a Técnico DomusVi SAD Badalona,Sin Data,Sin Data,De duracion determinada,Jornada Completa,Sin Data,DomusVi,Sin Data
2026-08-24,Trabajoscom, La Rioja, La Rioja,OPERARIO/A DE REVISIÓN DE PIEZAS (SECTOR PLÁSTICO),Sin Data,Sin Data,De duracion determinada,Jornada Completa,Sin Data,Iman Temporing,Sin Data
2026-08-24,Trabajoscom, Madrid, Madrid,Comercial - Sistemas de Almacenaje Industrial,Sin Data,Sin Data,De duracion determinada,Jornada Completa,Sin Data,Crit Interim España ETT,Sin Data
2026-08-24,Trabajoscom, Girona, Girona,Encargado/a de Alimentos y Bebidas,Sin Data,Sin Data,Indefinido,Jornada Completa,Sin Data,Iman Temporing,Sin Data
2026-08-24,Trabajoscom, Lleida, Lleida,Técnico/a SAT Máquinas Recreativas temporal - Lleida,Sin Data,Sin Data,De duracion determinada,Jornada Completa,Sin Data,Iman Temporing,Sin Data
2026-08-24,Trabajoscom, Barcelona, Barcelona,Operario/a de prensas Corte fino con puente grúa,Sin Data,Sin Data,De duracion determinada,Jornada Completa,Sin Data,Crit Interim España ETT,Sin Data
2026-08-24,Trabajoscom, Pontevedra, Pontevedra,OPERARIO/A DE DESMONTAJE,17.000 € - 18.000 €,Sin Data,Indefinido,Jornada Completa,Sin Data,Iman Temporing,Sin Data
2026-08-24,Trabajoscom, Valencia, Valencia,Comercial - Sector metal,Sin Data,Sin Data,Indefinido,Jornada Completa,Sin Data,Iman Temporing,Sin Data
2026-08-24,Trabajoscom, Valencia, Valencia,Director/a de Carnicería y Charcutería- Asturias,Sin Data,Sin Data,Indefinido,Jornada Completa,Sin Data,Iman Temporing,Sin Data
2026-08-24,Trabajoscom, Málaga, Málaga,Montadores - Marbella,Sin Data,Sin Data,Indefinido,Jornada Indiferente,Sin Data,Art i Cultura,Sin Data
